1 150.000000 460.000000 50.000000 90.000000 200.000000 0.000000 0 0 0 0 0 100.000000 0.872202 0.000000 0.002466 1 0.000000 1 PARADO 2 0.054733 0 
2 -1000.000000 -1000.000000 50.000000 90.000000 50.000000 
6 450.000000 906.441711 55.000000 50.000000 60.000000 1046.642212 0 0 0 0 0 100.000000 0.872202 0.000000 0.002466 1 0.000000 0 0.872202 0.000000 PARADO 5 0.087730 0 0.000000 
3 0.000000 0.000000 55.000000 50.000000 20.000000 
6 900.000000 500.000000 55.000000 50.000000 60.000000 0.000000 0 0 0 0 0 100.000000 0.872202 0.000000 0.002466 1 0.000000 0 0.872202 0.000000 PARADO 5 0.049511 0 0.000000 
3 0.000000 0.000000 55.000000 50.000000 20.000000 
6 1700.000000 500.000000 55.000000 50.000000 60.000000 0.000000 0 0 0 0 0 100.000000 0.872202 0.000000 0.002466 4 0.000000 0 0.872202 0.000000 PARADO 5 0.015264 0 0.000000 
3 0.000000 0.000000 55.000000 50.000000 67.500000 
6 2500.000000 500.000000 55.000000 50.000000 60.000000 0.000000 0 0 0 0 0 100.000000 0.872202 0.000000 0.002466 5 0.000000 0 0.872202 0.000000 PARADO 4 0.103912 0 0.000000 
3 0.000000 0.000000 55.000000 50.000000 101.250000 
6 2800.000000 500.000000 55.000000 50.000000 60.000000 0.000000 0 0 0 0 0 100.000000 0.872202 0.000000 0.002466 4 0.000000 0 0.872202 0.000000 PARADO 4 0.075739 0 0.000000 
3 0.000000 0.000000 55.000000 50.000000 67.500000 
6 3645.000000 499.999969 55.000000 50.000000 60.000000 0.000000 0 0 0 0 0 100.000000 0.872202 0.000000 0.002466 3 0.000000 0 0.872202 0.000000 PARADO 4 0.041643 0 0.000000 
3 0.000000 0.000000 55.000000 50.000000 45.000000 
5 3600.000000 906.441711 50.000000 90.000000 60.000000 1046.642212 0 0 0 0 0 100.000000 0.872202 0.000000 0.002466 1 0.000000 0 0.872202 0.000000 PARADO 4 0.009936 0 0.000000 
6 3800.000000 906.441711 55.000000 50.000000 60.000000 1046.642212 0 0 0 0 0 100.000000 0.872202 0.000000 0.002466 3 0.000000 0 0.872202 0.000000 PARADO 3 0.090835 0 0.000000 
3 0.000000 0.000000 55.000000 50.000000 45.000000 
6 3800.000000 500.000000 55.000000 50.000000 60.000000 0.000000 0 0 0 0 0 100.000000 0.872202 0.000000 0.002466 4 0.000000 0 0.872202 0.000000 PARADO 3 0.057313 0 0.000000 
3 0.000000 0.000000 55.000000 50.000000 67.500000 
7 -550.000000 100.000000 50.000000 500.000000 1.000000 1.000000 parede 
7 -500.000000 550.000000 500.000000 50.000000 1.000000 1.000000 padrao 
7 0.000000 550.000000 500.000000 50.000000 1.000000 1.000000 padrao 
7 500.000000 550.000000 500.000000 50.000000 1.000000 1.000000 padrao 
7 1000.000000 550.000000 500.000000 50.000000 1.000000 1.000000 padrao 
7 1500.000000 550.000000 500.000000 50.000000 1.000000 1.000000 padrao 
7 2000.000000 550.000000 500.000000 50.000000 1.000000 1.000000 padrao 
7 2500.000000 550.000000 500.000000 50.000000 1.000000 1.000000 padrao 
7 3000.000000 550.000000 500.000000 50.000000 1.000000 1.000000 padrao 
7 3500.000000 550.000000 500.000000 50.000000 1.000000 1.000000 padrao 
7 4000.000000 550.000000 500.000000 50.000000 1.000000 1.000000 padrao 
7 4500.000000 550.000000 500.000000 50.000000 1.000000 1.000000 padrao 
7 5000.000000 550.000000 500.000000 50.000000 1.000000 1.000000 padrao 
7 5500.000000 100.000000 50.000000 500.000000 1.000000 1.000000 parede 
49 300.000000 87.220222 80.000000 50.000000 1.000000 1.000000 flutuante1 0 400.000000 0.000000 0 0 0.000000 0.246600 
53 320.000000 525.000000 80.000000 25.000000 35.000000 
7 0.000000 400.000000 250.000000 10.000000 1.000000 15.200000 madeira 
8 700.000000 500.000000 50.000000 50.000000  
7 750.000000 400.000000 300.000000 10.000000 1.000000 15.200000 madeira 
7 1050.000000 400.000000 300.000000 10.000000 1.000000 15.200000 madeira 
53 1000.000000 375.000000 80.000000 25.000000 35.000000 
49 1350.000000 287.220306 80.000000 50.000000 1.000000 1.000000 flutuante1 0 400.000000 200.000000 0 0 0.000000 0.246600 
7 1430.000000 200.000000 350.000000 50.000000 1.000000 1.200000 flutuante_maior 
53 1480.000000 175.000000 80.000000 25.000000 35.000000 
8 2200.000000 500.000000 50.000000 50.000000  
7 2300.000000 400.000000 300.000000 10.000000 1.000000 15.200000 madeira 
49 2687.221680 400.000000 80.000000 50.000000 1.000000 1.000000 flutuante1 1 2900.000000 2600.000000 0 0 0.246600 0.000000 
7 2980.000000 400.000000 300.000000 10.000000 1.000000 15.200000 madeira 
49 3300.000000 287.220306 80.000000 50.000000 1.000000 1.000000 flutuante1 0 400.000000 200.000000 0 0 0.000000 0.246600 
49 3487.221680 200.000000 80.000000 50.000000 1.000000 1.000000 flutuante1 1 3600.000000 3400.000000 0 0 0.246600 0.000000 
7 3700.000000 200.000000 350.000000 50.000000 1.000000 1.200000 flutuante_maior 
49 4167.218262 200.000000 80.000000 50.000000 1.000000 1.000000 flutuante1 1 4280.000000 4080.000000 0 0 0.246600 0.000000 
7 4380.000000 200.000000 350.000000 50.000000 1.000000 1.200000 flutuante_maior 
50 -225 5450 150 250 ========== 
